31
100
87 71 20 5 78 33 100 55 9 46 69 48 94 81 44 18 84 61 3 28 85 90 15 66 65 16 11 25 38 79 30 60 97 73 74 24 51 14 49 80 92 53 58 27 39 4 37 57 26 19 47 40 89 17 62 42 35 72 2 8 96 13 64 36 82 91 67 29 95 99 43 1 70 52 86 59 12 21 31 6 7 10 45 83 77 50 22 41 75 88 93 56 98 63 32 23 76 68 34 54 
100
85 27 16 78 34 66 67 88 74 45 54 72 5 33 8 92 32 95 59 42 87 94 21 35 51 71 100 75 2 55 39 83 93 62 86 11 81 22 10 25 40 43 57 97 46 38 56 73 53 68 99 52 69 50 49 36 1 63 6 47 12 3 7 90 26 58 15 77 44 61 13 60 9 29 89 96 91 76 30 28 20 24 4 84 14 65 18 82 19 37 17 64 80 79 70 23 41 98 48 31 
100
27 2 92 65 20 87 16 13 51 12 100 90 4 32 23 46 91 99 9 95 42 88 17 89 67 19 10 72 64 54 22 37 78 81 75 5 69 58 44 71 1 86 84 35 76 31 97 49 6 45 41 74 39 48 73 25 93 55 15 11 7 18 68 28 82 53 21 77 33 57 70 40 62 59 80 83 38 26 52 66 94 47 60 29 85 50 36 43 56 34 96 24 3 14 8 61 79 30 63 98 
100
23 27 32 12 74 79 50 47 77 94 24 56 90 15 30 8 96 71 54 78 41 18 49 82 10 11 21 40 81 48 87 25 63 64 46 44 75 58 83 39 35 37 20 60 29 19 59 33 4 9 73 53 93 67 3 13 55 17 76 88 85 80 57 95 89 86 91 28 99 100 72 84 69 66 31 70 51 34 1 98 68 36 43 5 16 97 42 62 6 22 14 7 2 61 26 65 92 45 38 52 
100
56 46 4 9 39 1 81 42 66 10 55 70 100 59 43 33 28 53 79 49 27 29 58 97 74 24 50 3 31 11 82 75 64 15 98 71 99 90 61 45 34 21 94 63 16 80 89 84 95 41 76 47 88 44 18 2 22 5 13 60 54 93 91 20 72 96 32 48 62 57 69 65 19 52 8 86 35 92 78 68 51 26 23 38 37 87 25 73 6 14 85 12 17 30 67 83 40 36 7 77 
100
92 26 93 82 66 34 71 79 42 95 49 78 62 46 58 13 90 51 98 43 87 20 27 85 7 57 72 31 50 67 14 24 18 6 10 69 45 75 94 65 52 100 15 38 99 63 4 74 86 5 41 81 59 8 83 25 37 73 60 22 70 40 3 21 64 9 11 77 76 80 33 35 32 55 17 68 97 44 19 47 2 23 89 91 54 12 36 88 39 53 28 16 96 48 30 61 1 29 84 56 
100
45 40 57 11 34 22 63 90 92 28 91 2 71 49 6 10 70 53 4 21 41 62 86 72 33 60 13 52 20 9 50 47 81 19 67 99 98 77 15 79 88 61 64 96 36 26 68 65 83 39 14 24 89 87 55 93 85 8 54 74 43 37 29 58 16 5 75 66 17 95 30 44 51 80 42 82 35 56 18 48 12 59 38 27 32 25 23 78 73 3 100 97 7 1 69 84 31 76 94 46 
100
30 17 72 25 8 2 59 58 41 28 21 97 4 18 9 37 10 100 35 71 20 31 23 44 40 12 78 91 76 61 88 46 63 38 99 49 19 3 94 29 62 26 50 74 70 43 80 89 56 27 86 83 5 69 53 66 14 42 95 96 85 60 34 22 33 92 45 75 48 93 57 73 67 84 82 13 51 7 32 6 11 55 79 54 98 47 16 68 24 64 65 39 52 77 81 1 15 90 36 87 
100
27 58 18 1 90 26 93 65 25 36 91 85 62 87 46 38 24 20 66 61 47 52 32 11 80 71 40 79 3 89 82 74 50 94 97 92 2 17 53 9 98 8 22 7 100 21 57 64 86 63 67 76 96 59 31 43 99 72 14 16 28 15 30 81 68 41 75 37 54 44 12 5 29 69 77 73 95 78 51 49 33 60 55 48 45 13 42 23 19 39 70 10 4 35 56 34 84 88 83 6 
100
40 53 61 76 54 77 73 64 43 69 60 87 24 45 84 58 93 99 86 28 91 17 9 27 100 95 79 57 7 80 18 85 15 26 4 71 59 62 37 83 78 14 47 48 52 38 66 50 70 10 33 22 51 81 23 56 65 94 97 6 16 1 98 88 20 13 21 63 46 29 90 30 32 19 68 2 41 36 44 55 25 5 42 49 3 82 12 67 35 39 31 74 96 11 8 72 75 34 92 89
500
50 486 303 114 294 396 372 348 159 385 98 113 99 279 46 220 317 377 264 88 84 37 313 19 210 391 318 135 448 163 10 342 271 124 152 215 173 178 184 170 203 72 44 137 185 45 393 90 180 467 268 161 205 54 288 266 14 473 15 154 221 95 100 475 198 281 301 32 466 148 202 78 497 187 241 240 390 421 251 436 92 162 261 420 297 427 200 327 270 287 434 218 428 29 337 49 444 252 259 429 183 273 62 51 305 289 423 286 226 104 292 103 406 359 277 291 219 343 493 197 454 28 463 77 214 334 346 106 383 82 350 204 23 120 499 415 174 2 419 496 179 20 127 190 1 492 451 257 119 374 306 40 488 397 361 131 195 471 290 223 369 329 424 375 225 331 222 145 478 233 6 321 382 97 446 175 216 169 151 474 380 136 201 59 38 138 401 371 265 101 25 340 347 280 217 76 85 373 378 283 132 344 325 176 435 177 341 458 352 128 116 487 208 379 461 237 442 322 472 41 157 311 7 254 405 242 24 246 500 64 81 235 323 156 21 324 87 83 295 52 450 199 68 234 476 483 490 399 278 71 89 31 481 459 328 453 110 354 398 402 142 255 74 192 55 441 16 75 426 69 247 267 189 60 22 363 58 5 392 312 94 480 384 57 53 108 351 56 253 256 13 282 296 332 158 299 338 33 484 443 412 3 188 394 447 239 250 485 26 339 413 238 316 48 248 182 167 489 36 491 86 207 309 376 370 212 140 67 141 437 153 61 400 65 164 272 319 262 70 353 269 147 160 404 27 408 39 414 12 482 126 35 155 284 356 232 91 228 146 365 349 42 186 498 275 460 112 133 249 168 307 388 30 96 314 395 111 315 9 227 345 381 109 149 194 418 410 433 125 129 366 310 258 355 300 293 211 171 468 123 209 43 407 193 438 362 457 260 364 118 389 439 73 470 302 206 245 495 47 144 298 403 445 263 63 409 417 150 462 107 368 213 66 452 4 224 477 440 320 335 165 191 276 34 449 479 422 326 432 333 494 430 360 80 308 181 231 105 469 274 130 229 143 244 330 93 411 336 134 425 166 387 196 121 115 464 117 285 139 79 456 172 455 358 236 367 416 18 386 230 102 357 17 465 304 431 122 8 11 243 

500
213 329 168 132 144 240 311 412 152 103 79 227 437 374 60 228 2 268 52 145 297 316 353 443 439 217 89 396 114 265 63 435 195 163 389 47 29 184 451 201 342 452 422 415 379 428 279 491 97 10 498 355 286 325 448 162 101 88 352 9 433 192 313 384 117 93 31 113 337 148 219 465 446 407 231 493 382 368 182 80 317 500 111 380 179 393 242 236 177 362 223 418 271 272 96 356 338 189 85 34 142 387 485 461 438 15 154 70 1 283 413 126 224 470 44 46 285 118 301 403 289 371 350 75 395 23 302 210 137 287 205 365 486 78 429 307 84 457 284 318 460 77 310 105 269 408 488 306 186 326 174 197 345 191 100 188 388 426 381 62 294 394 141 131 68 454 467 116 19 32 59 334 442 354 66 233 293 55 18 360 115 245 127 261 312 497 54 492 109 160 343 71 420 254 107 303 472 35 494 41 256 167 490 383 11 120 282 69 157 14 218 171 149 462 235 30 336 296 278 333 98 221 367 364 391 49 203 82 475 466 12 480 332 106 140 421 264 473 357 260 172 483 351 198 226 304 238 358 72 248 406 484 42 136 193 206 181 496 409 401 222 440 335 38 128 447 373 86 267 416 295 305 410 196 7 243 229 135 73 199 244 91 200 207 348 87 155 431 288 324 183 314 61 414 51 95 463 321 349 432 340 165 322 489 390 479 53 376 216 346 330 363 230 468 241 450 359 252 478 370 281 232 474 445 173 237 110 102 444 220 458 375 434 50 129 482 185 331 175 499 308 3 187 176 48 208 22 57 215 45 247 5 20 300 320 211 469 327 190 323 253 37 212 347 277 164 64 477 249 476 280 153 56 424 92 124 202 43 159 36 28 81 425 39 366 158 385 8 251 453 417 65 273 151 299 214 76 464 276 298 112 274 180 290 397 58 423 130 234 315 119 13 405 339 147 419 204 487 4 344 17 246 6 146 481 33 16 125 291 108 178 456 258 270 134 239 121 74 209 341 104 266 194 436 24 94 139 257 399 138 378 122 143 67 156 40 169 133 369 25 398 161 225 328 471 449 377 404 263 259 361 411 275 386 427 309 26 292 90 21 392 430 83 402 99 27 123 372 262 459 166 495 319 150 441 400 170 250 455 255 

500
332 94 71 265 4 110 448 337 403 361 498 50 445 31 223 114 151 235 96 143 327 103 373 276 293 452 251 200 142 277 311 260 176 474 43 229 23 392 22 457 451 447 70 57 44 217 30 490 423 187 404 335 370 301 428 216 90 424 154 444 148 469 233 92 173 386 479 66 2 188 298 379 91 456 219 144 76 378 74 278 351 207 175 464 18 95 226 141 9 284 230 415 8 348 491 359 398 107 346 20 273 5 254 399 297 16 408 145 425 72 140 387 134 435 253 407 414 35 85 78 405 7 402 483 356 80 131 83 394 339 466 270 441 11 32 218 178 368 215 324 328 304 463 174 482 271 186 431 442 181 53 73 12 84 302 263 59 193 201 69 357 209 202 27 397 458 437 46 268 234 129 493 299 475 67 446 137 369 372 127 185 371 208 497 194 48 383 267 214 413 382 317 42 393 205 180 102 367 366 476 122 177 275 166 132 375 153 450 75 461 418 65 279 334 434 486 231 62 377 376 211 330 340 243 411 190 342 81 487 360 162 136 212 168 314 79 37 316 289 336 296 241 26 426 477 248 350 266 481 472 152 478 184 250 34 45 10 228 385 133 484 500 363 285 238 126 25 485 108 390 249 321 172 374 36 24 352 322 358 473 3 245 323 117 125 113 156 47 118 52 440 157 236 106 292 225 100 40 240 158 104 315 60 111 101 480 130 15 312 161 454 422 192 256 189 306 388 252 288 492 287 338 13 400 232 291 460 61 38 165 182 58 300 274 171 220 149 488 170 419 467 160 395 224 449 99 303 199 138 341 112 416 86 319 272 246 262 163 309 124 325 354 146 135 417 56 421 468 443 438 329 455 412 318 222 310 396 17 389 98 115 68 29 239 364 54 269 41 109 87 221 255 88 308 64 77 409 406 259 282 227 362 139 179 365 210 384 120 55 167 410 433 286 320 169 459 155 294 97 462 33 258 344 164 427 281 470 349 1 206 307 429 244 195 391 283 147 119 28 82 183 116 465 471 290 19 257 381 123 496 121 326 420 261 353 305 331 51 264 150 345 14 39 242 191 439 333 203 380 198 93 89 237 494 247 432 213 197 436 343 355 6 313 128 63 430 295 21 347 499 204 495 280 453 105 49 489 196 401 159 

500
51 357 453 250 216 456 304 12 375 209 257 186 80 402 110 372 128 334 93 428 181 248 227 170 293 461 291 88 75 302 3 97 373 117 66 313 201 1 218 339 58 220 479 36 443 237 374 34 139 290 247 317 350 115 8 23 158 214 219 452 196 379 168 5 262 260 298 349 100 388 179 14 345 71 43 108 41 263 436 393 27 254 420 173 244 421 464 465 44 131 474 205 85 385 451 485 10 189 171 129 390 470 246 272 382 84 53 344 477 444 359 124 363 280 439 16 389 134 445 475 195 362 381 155 400 367 49 251 487 316 295 182 143 310 19 331 278 82 438 404 454 430 163 419 191 9 360 495 76 242 112 277 486 116 488 320 2 59 123 192 499 273 478 54 197 397 140 469 151 127 490 4 354 491 473 472 55 198 239 65 480 13 326 459 457 328 190 368 136 392 440 378 199 169 432 314 285 164 337 160 468 161 26 252 210 412 458 335 167 185 301 308 103 407 283 463 321 300 346 500 56 35 460 225 235 323 437 446 450 494 410 180 146 138 217 409 266 104 178 233 395 68 109 424 22 99 418 343 222 315 358 69 336 259 184 144 39 414 497 441 411 32 305 355 297 101 142 172 333 153 176 38 96 271 102 111 120 370 386 114 483 7 162 279 455 70 286 77 15 447 119 17 256 175 275 107 20 408 289 398 327 234 431 45 306 229 442 287 60 427 481 253 482 312 448 270 435 211 429 95 207 376 113 329 94 203 245 165 202 258 194 318 212 426 276 449 236 64 40 303 83 364 50 98 425 166 105 401 42 91 249 423 338 145 208 133 150 405 403 282 268 232 231 311 415 48 37 241 434 288 274 341 159 24 215 383 332 399 121 200 243 73 177 351 467 484 137 365 496 294 223 157 319 492 47 292 78 57 81 322 25 369 353 352 204 6 284 72 377 29 281 147 122 21 87 89 63 493 224 206 391 261 187 476 132 62 296 309 269 33 238 213 79 174 387 86 106 135 18 183 264 371 126 152 361 28 118 324 498 148 255 30 413 11 193 307 149 422 406 325 52 394 92 380 489 188 417 156 299 348 74 267 433 228 416 46 340 356 240 221 31 462 141 347 130 471 366 125 330 265 342 230 396 384 67 466 61 154 226 90 

500
83 386 461 129 369 307 56 164 123 213 166 17 114 299 209 210 253 45 88 89 52 350 287 179 360 468 112 463 480 284 475 157 145 184 318 327 398 382 421 257 270 249 158 376 155 420 456 412 171 405 198 91 107 417 106 272 279 141 322 486 142 42 115 259 474 151 58 233 454 490 289 188 193 368 51 308 427 192 310 340 49 465 251 451 280 435 294 278 44 302 470 478 70 422 202 220 121 500 236 128 293 183 262 22 469 321 139 85 347 34 102 356 90 4 174 254 225 12 229 397 14 413 295 410 240 372 436 403 176 303 387 455 65 366 332 290 214 357 87 10 237 450 492 313 362 441 392 256 491 275 57 274 78 377 334 26 150 494 339 77 73 263 352 72 243 84 127 484 204 189 426 481 345 449 407 267 430 448 212 160 244 442 201 29 66 337 197 393 25 177 9 18 211 235 384 282 380 168 325 130 271 354 48 446 218 75 286 364 371 148 162 153 378 32 487 242 464 96 199 482 37 434 154 416 224 147 444 488 3 264 462 404 109 136 323 317 223 50 246 134 113 122 156 217 265 185 169 86 143 206 363 336 71 485 328 306 144 414 161 68 241 367 324 342 203 298 402 178 159 408 55 373 13 103 207 483 389 304 315 79 234 170 27 453 39 361 326 133 433 191 40 222 216 116 353 285 411 269 231 8 288 473 281 335 476 105 23 250 331 443 167 341 53 297 76 383 452 432 445 219 471 260 74 81 64 314 131 104 395 230 276 135 163 489 43 394 296 359 20 477 493 98 187 311 497 226 309 175 355 120 261 35 11 92 119 399 238 388 208 418 291 343 247 28 33 165 425 344 338 54 440 390 316 124 5 93 173 305 232 396 94 320 466 437 472 19 200 95 7 439 415 438 266 495 21 457 138 15 41 479 467 195 248 215 292 431 245 186 196 125 59 46 252 283 499 400 319 459 16 99 126 273 111 101 406 24 30 428 36 146 108 423 63 358 419 458 69 329 348 140 31 258 429 498 118 117 374 268 330 190 82 346 391 300 6 172 409 351 182 365 228 110 239 2 460 255 47 375 137 370 67 227 152 205 312 221 401 379 180 100 61 301 277 333 38 181 447 62 80 381 60 194 424 97 385 1 496 132 349 149 

500
141 59 84 166 272 346 432 447 41 217 274 203 490 345 419 301 366 42 73 174 340 442 167 37 88 259 420 429 26 34 498 139 473 200 486 136 118 133 376 46 467 95 357 235 282 130 15 268 47 393 79 359 192 33 310 204 169 114 218 390 96 299 385 418 35 103 462 57 267 126 325 318 206 374 417 365 65 347 478 305 14 392 194 395 396 228 24 459 320 482 402 263 222 187 461 179 273 188 425 232 416 60 297 111 383 484 405 312 165 269 258 25 371 334 138 354 51 364 12 294 173 198 6 433 369 280 452 472 227 408 195 191 193 113 78 499 48 351 54 457 471 1 87 197 186 439 361 69 406 271 7 153 238 224 427 289 215 237 109 463 308 101 350 407 221 184 466 44 341 262 75 210 401 414 388 295 21 20 154 31 283 176 249 168 164 431 85 236 102 212 278 76 342 358 321 209 480 223 77 245 422 81 337 356 329 445 400 61 332 277 207 397 465 323 121 421 143 352 353 183 254 72 339 185 286 487 135 448 80 314 335 62 234 276 387 211 293 455 373 225 349 265 479 122 485 181 233 189 3 106 91 288 372 454 470 377 29 456 306 140 157 389 92 477 116 296 162 328 317 316 386 18 434 115 394 483 446 170 70 8 9 30 290 201 150 413 348 279 11 363 426 172 410 32 458 384 239 302 241 319 90 435 82 327 494 404 380 86 496 368 129 441 403 16 281 124 362 199 381 53 146 152 375 36 451 287 107 163 27 28 214 147 175 142 344 134 285 43 360 430 424 83 411 171 252 58 500 144 469 125 468 205 415 148 270 488 409 284 264 398 4 493 219 298 428 292 49 256 66 436 161 180 68 315 131 481 247 326 208 13 438 50 117 230 391 476 99 464 300 333 338 324 149 303 243 307 257 132 120 5 137 313 291 74 450 266 437 105 220 22 45 158 17 156 127 67 231 64 491 440 423 311 331 497 336 443 159 330 399 229 71 275 39 190 155 19 343 23 10 52 40 495 255 460 322 108 382 97 379 145 104 128 444 196 2 251 260 226 151 123 246 240 110 244 250 182 242 94 248 56 119 253 112 475 378 412 449 370 216 309 492 178 474 100 89 93 261 453 213 489 367 177 304 63 38 55 355 98 202 160 

500
81 182 189 112 335 489 351 209 323 442 330 319 392 283 339 435 276 173 494 100 87 340 169 118 13 72 316 431 279 199 463 269 469 104 430 213 275 493 231 226 188 443 145 437 46 293 295 397 60 388 452 140 488 338 366 144 224 454 183 254 314 63 451 297 332 264 160 321 190 342 157 105 353 156 130 389 109 272 233 468 171 57 125 166 347 345 179 30 422 200 38 412 56 80 41 424 54 385 52 9 212 147 427 204 246 433 263 94 363 491 291 164 301 28 221 365 441 382 419 102 387 232 368 459 79 429 11 117 445 58 410 396 36 64 195 290 186 174 334 426 206 421 481 260 414 280 407 477 31 154 377 413 167 98 483 120 187 134 168 220 471 172 24 1 393 59 336 313 47 146 458 406 234 90 360 51 485 113 310 500 5 324 329 12 67 245 464 210 453 450 159 309 124 472 22 181 273 19 286 45 462 83 473 307 498 153 75 277 262 440 379 299 240 247 32 284 215 205 101 95 298 73 163 93 89 355 398 268 192 103 344 243 68 196 394 457 285 21 84 35 216 455 354 361 362 438 50 217 170 91 289 180 211 34 252 214 235 222 411 131 376 350 447 55 255 476 492 372 138 371 227 184 108 439 74 225 37 111 223 253 261 44 465 317 152 367 132 127 135 343 399 487 76 177 244 418 207 33 191 151 383 69 446 434 474 326 479 185 193 162 296 258 265 341 327 139 374 456 241 315 304 251 8 484 115 460 218 16 237 107 395 369 391 4 478 320 202 328 274 390 480 470 281 401 348 53 203 405 294 467 259 288 141 97 423 238 10 65 404 66 239 122 176 409 20 322 482 359 256 27 349 197 92 448 123 121 266 129 70 43 250 39 403 402 497 136 302 150 165 161 48 25 29 292 436 278 352 82 496 198 133 62 486 6 242 249 77 358 42 26 71 308 428 270 248 61 357 40 420 119 271 230 364 88 23 495 333 15 106 416 78 257 461 143 2 155 18 417 408 475 325 466 375 267 490 126 331 449 128 370 287 306 499 282 14 400 114 137 432 378 311 346 380 116 386 158 201 381 229 337 373 444 303 236 208 178 175 142 49 425 415 228 312 194 149 219 300 318 96 85 7 356 384 99 305 17 3 86 148 110 

500
34 359 258 479 373 474 65 496 226 214 198 476 252 117 222 230 353 53 231 431 346 315 241 60 13 4 367 411 458 200 137 250 281 351 21 25 337 339 213 333 262 63 91 249 421 96 490 106 100 451 71 202 160 446 332 335 316 299 26 204 212 326 1 38 445 227 239 327 498 461 130 341 135 471 196 266 55 469 11 290 177 487 57 36 113 292 6 349 184 134 268 128 75 22 294 302 18 277 322 76 393 374 115 343 437 7 85 391 430 308 156 449 147 320 381 285 246 194 306 439 143 257 435 448 98 500 390 30 123 427 146 464 181 488 27 442 274 51 493 489 207 216 23 273 45 287 376 329 237 450 371 221 378 5 149 473 151 251 58 494 288 375 336 340 355 8 64 189 312 171 69 342 124 492 179 109 331 484 360 495 203 245 400 457 379 19 176 81 485 481 224 279 425 114 350 486 190 234 153 412 139 180 67 441 150 89 217 453 193 136 477 499 15 44 50 304 95 199 438 243 368 303 162 41 402 255 271 356 313 88 344 155 309 395 325 74 310 49 83 364 107 35 298 167 112 475 291 456 229 158 420 93 394 24 462 152 372 118 129 39 307 482 433 84 386 145 380 348 122 178 467 20 389 161 357 414 29 72 468 206 270 175 219 480 432 440 73 443 92 261 297 382 120 233 238 40 154 14 43 405 426 187 111 415 104 459 248 105 300 188 66 447 138 472 28 144 215 165 148 407 387 401 54 17 225 159 361 455 90 370 9 168 289 330 133 87 267 172 70 383 363 296 79 46 223 191 97 169 209 254 295 3 422 103 86 253 491 366 397 197 283 413 127 52 31 242 12 286 317 205 275 256 131 324 10 404 235 68 102 328 429 311 78 347 142 452 272 259 182 419 232 210 141 403 201 388 276 62 110 454 365 42 392 465 409 278 56 47 116 428 314 263 125 384 264 2 77 132 37 301 470 59 80 408 396 82 280 497 483 424 399 369 284 334 99 240 183 293 416 282 345 444 321 166 410 140 170 354 460 466 101 157 319 94 186 265 418 305 463 61 434 119 126 108 436 192 269 318 417 398 195 164 406 163 236 48 244 338 358 173 208 185 16 211 32 478 220 362 323 174 377 352 218 228 247 260 423 121 33 385 

500
51 82 310 138 238 30 5 97 300 241 444 19 280 195 100 415 61 228 275 128 362 311 420 74 454 69 270 40 190 145 322 443 437 469 15 196 179 394 33 125 48 109 268 76 432 445 373 96 302 321 59 349 493 192 288 317 168 472 186 229 86 68 94 446 377 185 431 376 272 409 22 287 210 194 219 433 12 498 236 120 383 172 182 112 151 135 412 70 295 480 181 20 361 95 177 441 338 113 98 405 260 336 84 85 294 89 119 375 436 159 470 225 357 38 213 29 471 203 293 218 417 36 155 103 352 346 258 50 461 489 188 448 171 164 53 65 8 136 465 42 17 424 144 176 246 331 418 66 312 269 158 453 43 477 476 25 149 255 72 483 130 101 389 215 388 451 14 467 429 363 430 440 73 350 369 32 147 226 421 108 276 175 63 398 414 198 79 374 290 457 124 199 2 385 393 187 307 439 261 153 323 58 356 494 344 425 397 134 484 45 129 468 122 231 57 400 490 353 495 455 402 403 298 473 296 351 366 452 54 491 368 204 384 485 365 408 118 37 314 250 11 193 426 208 121 34 305 242 392 75 447 282 266 435 460 291 191 450 297 399 253 110 442 67 27 205 35 247 202 92 3 234 256 90 325 475 224 157 327 262 71 401 161 254 423 360 52 274 319 222 320 240 139 329 482 217 18 492 62 459 80 303 78 16 407 216 299 364 99 478 438 9 64 343 416 341 178 381 387 1 458 292 26 140 169 316 132 315 462 410 221 347 406 404 289 263 449 395 279 359 286 189 77 184 265 340 411 91 93 167 301 284 131 6 264 235 133 166 273 173 378 174 88 143 428 391 41 220 115 464 271 496 239 244 372 117 249 10 24 419 386 304 31 197 227 333 56 104 245 170 116 500 152 379 233 309 488 148 163 7 371 212 278 348 497 487 160 308 334 206 114 306 337 232 141 209 324 165 345 259 156 49 127 354 13 413 486 358 21 107 180 87 237 23 47 102 39 248 427 332 466 200 137 223 313 106 111 285 339 267 211 214 328 342 382 60 252 154 83 4 207 479 142 335 55 162 318 126 390 474 370 81 201 277 146 44 123 183 434 283 251 355 281 499 396 326 330 46 257 230 380 463 422 481 150 243 105 456 367 28 

500
287 270 379 9 327 3 147 356 130 171 134 127 33 335 157 371 410 53 388 370 382 456 437 478 271 376 354 415 357 451 138 106 366 436 140 153 481 482 404 115 414 480 440 233 159 110 165 385 54 269 135 232 403 345 362 471 42 260 302 52 168 108 258 405 160 64 112 119 8 395 479 308 186 24 433 328 211 161 292 400 472 10 305 438 91 46 272 273 120 330 216 424 499 231 274 339 75 175 74 444 493 176 174 455 319 185 254 421 192 498 151 167 461 316 289 250 183 441 300 69 336 121 83 347 218 426 407 18 101 449 19 93 118 30 229 249 304 353 393 285 166 68 377 97 219 467 417 470 124 111 281 96 109 311 129 63 100 402 427 430 48 294 361 212 263 340 150 296 193 314 40 148 242 310 55 251 278 411 406 240 34 458 496 103 384 298 457 32 38 116 156 495 56 220 325 329 89 434 293 297 72 154 299 244 43 25 408 6 487 288 27 312 133 355 262 7 348 454 225 76 224 67 476 428 114 332 179 245 386 500 182 286 141 350 142 59 326 432 204 337 307 222 446 460 303 459 214 164 152 163 65 123 92 409 205 77 431 465 284 66 469 397 352 173 255 365 351 261 162 425 62 35 450 309 489 207 107 22 247 47 477 14 387 195 486 131 324 368 257 373 429 349 94 196 291 139 61 23 360 12 44 155 453 217 301 491 206 266 344 237 15 136 1 199 443 99 392 189 202 267 338 223 475 78 29 213 60 45 181 172 463 194 71 483 374 318 70 468 13 246 447 375 381 359 51 346 31 73 358 4 238 98 342 87 209 295 474 20 26 420 236 277 390 2 188 81 364 208 394 341 462 488 279 17 143 41 416 290 187 169 95 252 283 313 201 79 412 227 122 256 145 276 128 315 334 200 389 464 144 113 490 230 191 16 221 203 399 418 322 149 86 485 320 234 58 132 492 466 178 442 82 84 210 280 125 369 401 253 146 333 198 343 57 11 452 265 363 497 158 331 241 177 264 104 235 137 445 448 21 228 435 268 275 321 50 39 473 197 413 239 422 180 367 317 396 372 88 398 306 102 80 36 378 226 484 190 391 380 85 37 248 126 419 28 383 105 90 170 117 184 5 323 423 49 282 215 243 494 259 439
8
1 2 3 4 5 6 8 7
8
8 7 6 5 4 3 2 1
9
1 2 3 4 5 6 9 8 7
9
1 2 3 4 5 7 8 6 9
9
1 2 3 4 5 7 8 9 6
10
1 2 3 4 5 6 8 9 7 10
8
1 2 3 4 8 7 6 5
8
1 2 3 4 6 5 7 8
8
1 2 3 4 8 6 7 5
8
1 2 3 4 5 7 6 8
8
1 2 3 4 5 8 7 6
